0.1 0.09983341665 0.9950041653 -1
0.2 0.1986693308 0.9800665778 -0.6989700043
0.3 0.2955202067 0.9553364891 -0.5228787453
0.4 0.3894183423 0.921060994 -0.3979400087
0.5 0.4794255386 0.8775825619 -0.3010299957
0.6 0.5646424734 0.8253356149 -0.2218487496
0.7 0.6442176872 0.7648421873 -0.15490196
0.8 0.7173560909 0.6967067093 -0.09691001301
0.9 0.7833269096 0.6216099683 -0.04575749056
1 0.8414709848 0.5403023059 0
1.1 0.8912073601 0.4535961214 0.04139268516
1.2 0.932039086 0.3623577545 0.07918124605
1.3 0.9635581854 0.2674988286 0.1139433523
1.4 0.98544973 0.1699671429 0.1461280357
1.5 0.9974949866 0.07073720167 0.1760912591
1.6 0.999573603 -0.0291995223 0.2041199827
1.7 0.9916648105 -0.1288444943 0.2304489214
1.8 0.9738476309 -0.2272020947 0.2552725051
1.9 0.9463000877 -0.3232895669 0.278753601
2 0.9092974268 -0.4161468365 0.3010299957
2.1 0.8632093666 -0.5048461046 0.3222192947
2.2 0.8084964038 -0.5885011173 0.3424226808
2.3 0.7457052122 -0.6662760213 0.361727836
2.4 0.6754631806 -0.7373937155 0.3802112417
2.5 0.5984721441 -0.8011436155 0.3979400087
2.6 0.5155013718 -0.8568887534 0.414973348
2.7 0.4273798802 -0.904072142 0.4313637642
2.8 0.3349881502 -0.9422223407 0.4471580313
2.9 0.2392493292 -0.9709581651 0.4623979979
3 0.1411200081 -0.9899924966 0.4771212547
3.1 0.04158066243 -0.9991351503 0.4913616938
3.2 -0.05837414343 -0.9982947758 0.5051499783
3.3 -0.1577456941 -0.9874797699 0.5185139399
3.4 -0.255541102 -0.9667981926 0.531478917
3.5 -0.3507832277 -0.9364566873 0.5440680444
3.6 -0.4425204433 -0.8967584163 0.5563025008
3.7 -0.5298361409 -0.8481000317 0.5682017241
3.8 -0.6118578909 -0.7909677119 0.5797835966
3.9 -0.6877661592 -0.7259323042 0.591064607
4 -0.7568024953 -0.6536436209 0.6020599913
4.1 -0.8182771111 -0.5748239465 0.6127838567
4.2 -0.8715757724 -0.4902608213 0.6232492904
4.3 -0.9161659367 -0.4007991721 0.6334684556
4.4 -0.9516020739 -0.30733287 0.6434526765
4.5 -0.9775301177 -0.2107957994 0.6532125138
4.6 -0.9936910036 -0.1121525269 0.6627578317
4.7 -0.9999232576 -0.01238866346 0.6720978579
4.8 -0.9961646088 0.08749898344 0.6812412374
4.9 -0.9824526126 0.1865123694 0.69019608
5 -0.9589242747 0.2836621855 0.6989700043
5.1 -0.9258146823 0.3779777427 0.7075701761
5.2 -0.8834546557 0.4685166713 0.7160033436
5.3 -0.8322674422 0.5543743362 0.7242758696
5.4 -0.7727644876 0.6346928759 0.7323937598
5.5 -0.7055403256 0.7086697743 0.7403626895
5.6 -0.6312666379 0.7755658785 0.748188027
5.7 -0.5506855426 0.8347127848 0.7558748557
5.8 -0.4646021794 0.8855195169 0.7634279936
5.9 -0.3738766648 0.9274784307 0.7708520116
6 -0.2794154982 0.9601702867 0.7781512504
6.1 -0.1821625043 0.9832684384 0.785329835
6.2 -0.08308940282 0.996542097 0.7923916895
6.3 0.01681390048 0.9998586364 0.7993405495
6.4 0.1165492049 0.9931849188 0.806179974
6.5 0.2151199881 0.9765876257 0.8129133566
6.6 0.3115413635 0.950232592 0.8195439355
6.7 0.4048499206 0.9143831482 0.8260748027
6.8 0.4941133511 0.8693974903 0.8325089127
6.9 0.5784397644 0.8157251001 0.8388490907
7 0.6569865987 0.7539022543 0.84509804
7.1 0.7289690401 0.6845466664 0.8512583487
7.2 0.7936678638 0.6083513145 0.8573324964
7.3 0.8504366206 0.5260775174 0.8633228601
7.4 0.8987080958 0.4385473276 0.8692317197
7.5 0.9379999768 0.3466353178 0.8750612634
7.6 0.967919672 0.2512598426 0.8808135923
7.7 0.9881682339 0.153373862 0.8864907252
7.8 0.9985433454 0.05395542056 0.8920946027
7.9 0.9989413418 -0.04600212564 0.8976270913
8 0.9893582466 -0.1455000338 0.903089987
8.1 0.9698898108 -0.2435441537 0.9084850189
8.2 0.9407305567 -0.339154861 0.9138138524
8.3 0.9021718338 -0.431376845 0.9190780924
8.4 0.8545989081 -0.5192886541 0.9242792861
8.5 0.7984871126 -0.6020119027 0.9294189257
8.6 0.7343970979 -0.6787200473 0.9344984512
8.7 0.6629692301 -0.7486466456 0.9395192526
8.8 0.5849171929 -0.8110930141 0.9444826722
8.9 0.5010208565 -0.8654352092 0.9493900066
9 0.4121184852 -0.9111302619 0.9542425094
9.1 0.3190983623 -0.9477216021 0.9590413923
9.2 0.2228899141 -0.9748436214 0.9637878273
9.3 0.1244544235 -0.9922253255 0.9684829486
9.4 0.02477542545 -0.999693042 0.9731278536
9.5 -0.07515112046 -0.9971721562 0.9777236053
9.6 -0.1743267812 -0.9846878558 0.982271233
9.7 -0.2717606264 -0.9623648798 0.9867717343
9.8 -0.3664791293 -0.9304262721 0.9912260757
9.9 -0.4575358938 -0.8891911526 0.9956351946
10 -0.5440211109 -0.8390715291 1
10.1 -0.6250706489 -0.7805681802 1.004321374
10.2 -0.6998746876 -0.714265652 1.008600172
10.3 -0.7676858098 -0.6408264176 1.012837225
10.4 -0.8278264691 -0.5609842574 1.017033339
10.5 -0.87969576 -0.475536928 1.021189299
10.6 -0.9227754216 -0.3853381908 1.025305865
10.7 -0.9566350163 -0.2912892817 1.029383778
10.8 -0.9809362301 -0.1943299065 1.033423755
10.9 -0.9954362533 -0.095428851 1.037426498
11 -0.9999902066 0.004425697988 1.041392685
11.1 -0.9945525882 0.1042360269 1.045322979
11.2 -0.9791777292 0.2030048638 1.049218023
11.3 -0.9540192499 0.2997453433 1.053078443
11.4 -0.9193285257 0.3934908663 1.056904851
11.5 -0.8754521747 0.4833047588 1.06069784
11.6 -0.822828595 0.5682896298 1.064457989
11.7 -0.7619835839 0.6475963387 1.068185862
11.8 -0.6935250848 0.720432479 1.071882007
11.9 -0.6181371122 0.7860702961 1.075546961
12 -0.536572918 0.8438539587 1.079181246
12.1 -0.4496474645 0.8932061115 1.08278537
12.2 -0.3582292822 0.9336336441 1.086359831
12.3 -0.2632317914 0.9647326179 1.089905111
12.4 -0.1656041754 0.9861923023 1.093421685
12.5 -0.06632189735 0.9977982792 1.096910013
12.6 0.03362304722 0.9994345855 1.100370545
12.7 0.1332320414 0.9910848718 1.103803721
12.8 0.2315098251 0.9728325657 1.10720997
12.9 0.3274744391 0.9448600382 1.11058971
13 0.4201670368 0.9074467815 1.113943352
13.1 0.5086614644 0.8609666165 1.117271296
13.2 0.5920735147 0.8058839576 1.120573931
13.3 0.6695697622 0.7427491727 1.123851641
13.4 0.74037589 0.6721930836 1.127104798
13.5 0.8037844266 0.5949206633 1.130333768
13.6 0.8591618149 0.5117039925 1.133538908
13.7 0.9059547423 0.4233745445 1.136720567
13.8 0.9436956694 0.3308148779 1.139879086
13.9 0.9720075014 0.2349498185 1.1430148
14 0.9906073557 0.1367372182 1.146128036
14.1 0.9993093887 0.03715838479 1.149219113
14.2 0.9980266527 -0.06279172292 1.152288344
14.3 0.9867719643 -0.1621144365 1.155336037
14.4 0.9656577765 -0.2598173562 1.158362492
14.5 0.9348950555 -0.3549242668 1.161368002
14.6 0.8947911721 -0.4464848914 1.164352856
14.7 0.8457468311 -0.5335843866 1.167317335
14.8 0.7882520674 -0.615352483 1.170261715
14.9 0.7228813495 -0.6909721807 1.173186268
15 0.6502878402 -0.7596879129 1.176091259
15.1 0.5711968697 -0.8208130945 1.178976947
15.2 0.4863986889 -0.873736983 1.181843588
15.3 0.3967405731 -0.9179307804 1.184691431
15.4 0.3031183567 -0.9529529169 1.187520721
15.5 0.2064674819 -0.9784534628 1.190331698
15.6 0.1077536523 -0.9941776252 1.193124598
15.7 0.007963183786 -0.9999682933 1.195899652
15.8 -0.09190685023 -0.9957676089 1.198657087
15.9 -0.1908585814 -0.9816175436 1.201397124
16 -0.2879033167 -0.9576594803 1.204119983
16.1 -0.3820714172 -0.9241328001 1.206825876
16.2 -0.4724219864 -0.8813724904 1.209515015
16.3 -0.5580522713 -0.8298057981 1.212187604
16.4 -0.6381066823 -0.7699479605 1.214843848
16.5 -0.7117853424 -0.7023970575 1.217483944
16.6 -0.7783520785 -0.6278280352 1.220108088
16.7 -0.837141778 -0.5469859628 1.222716471
16.8 -0.8875670336 -0.4606785874 1.225309282
16.9 -0.9291240127 -0.3697682639 1.227886705
17 -0.9613974919 -0.2751633381 1.230448921
17.1 -0.9840650051 -0.1778090711 1.23299611
17.2 -0.996900066 -0.07867819473 1.235528447
17.3 -0.9997744311 0.02123880817 1.238046103
17.4 -0.9926593805 0.1209435999 1.240549248
17.5 -0.9756260055 0.2194399632 1.243038049
17.6 -0.9488444979 0.3157437549 1.245512668
17.7 -0.9125824498 0.4088927394 1.247973266
17.8 -0.8672021795 0.4979562028 1.250420002
17.9 -0.8131571117 0.5820442524 1.252853031
18 -0.7509872468 0.6603167082 1.255272505
18.1 -0.6813137656 0.7319914978 1.257678575
18.2 -0.6048328224 0.7963524703 1.260071388
18.3 -0.5223085896 0.8527565521 1.26245109
18.4 -0.4345656221 0.9006401724 1.264817823
18.5 -0.3424806185 0.9395248937 1.267171728
18.6 -0.2469736617 0.9690221929 1.269512944
18.7 -0.1489990258 0.9888373427 1.271841607
18.8 -0.04953564088 0.9987723566 1.274157849
18.9 0.05042268781 0.9987279672 1.276461804
19 0.1498772097 0.9887046182 1.278753601
19.1 0.247834208 0.9688024594 1.281033367
19.2 0.3433149288 0.9392203467 1.283301229
19.3 0.4353653604 0.9002538547 1.285557309
19.4 0.5230657652 0.8522923239 1.28780173
19.5 0.6055398697 0.7958149698 1.290034611
19.6 0.6819636201 0.7313860956 1.292256071
19.7 0.7515734154 0.6596494534 1.294466226
19.8 0.8136737375 0.5813218118 1.29666519
19.9 0.8676441006 0.4971857949 1.298853076
20 0.9129452507 0.4080820618 1.301029996
20.1 0.9491245536 0.3149009077 1.303196057
20.2 0.9758205178 0.2185733678 1.305351369
20.3 0.9927664058 0.120061915 1.307496038
20.4 0.9997929001 0.02035084333 1.309630167
20.5 0.9968297943 -0.07956356728 1.311753861
20.6 0.9839066946 -0.178683005 1.31386722
20.7 0.9611527245 -0.2760171012 1.315970345
20.8 0.9287952341 -0.3705933258 1.318063335
20.9 0.8871575287 -0.4614667044 1.320146286
21 0.8366556385 -0.5477292602 1.322219295
21.1 0.7777941618 -0.6285190863 1.324282455
21.2 0.7111612229 -0.7030289575 1.326335861
21.3 0.6374225962 -0.7705143957 1.328379603
21.4 0.5573150535 -0.8303011087 1.330413773
21.5 0.4716390031 -0.8817917275 1.33243846
21.6 0.3812504917 -0.9244717749 1.334453751
21.7 0.2870526513 -0.9579148059 1.336459734
21.8 0.1899866758 -0.9817866688 1.338456494
21.9 0.0910224162 -0.9958488438 1.340444115
22 -0.008851309291 -0.9999608264 1.342422681
22.1 -0.1086365954 -0.9940815309 1.344392274
22.2 -0.2073364206 -0.9782697014 1.346352974
22.3 -0.3039646088 -0.9526833244 1.348304863
22.4 -0.3975556831 -0.9175780505 1.350248018
22.5 -0.4871745125 -0.8733046401 1.352182518
22.6 -0.5719256551 -0.8203054584 1.354108439
22.7 -0.6509623057 -0.7591100557 1.356025857
22.8 -0.723494756 -0.6903298762 1.357934847
22.9 -0.788798286 -0.6146521488 1.359835482
23 -0.8462204042 -0.5328330203 1.361727836
23.1 -0.8951873678 -0.4456900004 1.36361198
23.2 -0.9352099152 -0.3540937934 1.365487985
23.3 -0.9658881542 -0.2589595982 1.367355921
23.4 -0.9869155581 -0.1612379643 1.369215857
23.5 -0.998082028 -0.06190529399 1.371067862
23.6 -0.9992759921 0.03804591357 1.372912003
23.7 -0.9904855209 0.1376169789 1.374748346
23.8 -0.9717984457 0.235813021 1.376576957
23.9 -0.9434014818 0.3316528972 1.378397901
24 -0.905578362 0.4241790073 1.380211242
24.1 -0.8587070026 0.512466861 1.382017043
24.2 -0.8032557267 0.5956343153 1.383815366
24.3 -0.7397785851 0.6728503883 1.385606274
24.4 -0.6689098204 0.7433435627 1.387389826
24.5 -0.5913575299 0.8064094939 1.389166084
24.6 -0.5078965904 0.861418048 1.390935107
24.7 -0.4193609161 0.9078195978 1.392696953
24.8 -0.3266351261 0.9451505141 1.394451681
24.9 -0.2306457059 0.973037799 1.396199347
25 -0.1323517501 0.9912028119 1.397940009
25.1 -0.03273537933 0.9994640539 1.399673721
25.2 0.06720807253 0.9977389814 1.401400541
25.3 0.1664800035 0.9860448308 1.403120521
25.4 0.2640885214 0.9644984463 1.404833717
25.5 0.359058354 0.9333151121 1.40654018
25.6 0.4504405943 0.8928064018 1.408239965
25.7 0.537322181 0.843377065 1.409933123
25.8 0.6188350221 0.7855209834 1.411619706
25.9 0.6941646683 0.7198162358 1.413299764
26 0.7625584505 0.6469193223 1.414973348
26.1 0.8233330007 0.5675586048 1.416640507
26.2 0.8758810798 0.4825270293 1.418301291
26.3 0.9196776447 0.3926742033 1.419955748
26.4 0.9542850945 0.2988979064 1.421603927
26.5 0.9793576431 0.2021351204 1.423245874
26.6 0.9946447739 0.1033526671 1.424881637
26.7 0.9999937429 0.003537548135 1.426511261
26.8 0.9953511049 -0.09631291685 1.428134794
26.9 0.9807632477 -0.195201055 1.42975228
27 0.9563759284 -0.2921388087 1.431363764
27.1 0.9224328169 -0.3861576081 1.432969291
27.2 0.8792730617 -0.4763180482 1.434568904
27.3 0.8273279006 -0.5617192759 1.436162647
27.4 0.7671163526 -0.6415079902 1.437750563
27.5 0.6992400317 -0.7148869688 1.439332694
27.6 0.6243771354 -0.7811230331 1.440909082
27.7 0.5432756692 -0.8395543742 1.442479769
27.8 0.4567459721 -0.8895971655 1.444044796
27.9 0.3656526203 -0.9307513961 1.445604203
28 0.2709057883 -0.9626058663 1.447158031
28.1 0.1734521552 -0.9848422969 1.44870632
28.2 0.07426544558 -0.9972385089 1.450249108
28.3 -0.02566329986 -0.9996706433 1.451786436
28.4 -0.1253356261 -0.9921143991 1.45331834
28.5 -0.2237556402 -0.9746452757 1.45484486
28.6 -0.3199399619 -0.947437819 1.456366033
28.7 -0.4129275492 -0.9107638767 1.457881897
28.8 -0.501789301 -0.8649898828 1.459392488
28.9 -0.58563734 -0.810573196 1.460897843
29 -0.6636338842 -0.7480575297 1.462397998
29.1 -0.734999618 -0.6780675198 1.463892989
29.2 -0.7990214787 -0.6013024835 1.465382851
29.3 -0.8550597808 -0.5185294315 1.46686762
29.4 -0.9025546082 -0.4305754048 1.46834733
29.5 -0.9410314083 -0.338319211 1.469822016
29.6 -0.9701057337 -0.2426826434 1.471291711
29.7 -0.9894870833 -0.1446212712 1.472756449
29.8 -0.9989818049 -0.04511489094 1.474216264
29.9 -0.9984950307 0.05484226235 1.475671188
30 -0.9880316241 0.1542514499 1.477121255