0.1470864766 0.1811053713 0.3193511307 0.5290730262 0.2620730865 0.376777353 0.7825756605
0.01930960529 0.3859065477 0.3661091167 0.8874701538 0.4542186802 0.217549355 0.8786077761
0.1045959897 0.9105538084 0.5796908681 0.06907379815 0.2058866378 0.3141928206 0.6704955839
0.468753297 0.2108660731 0.4338959485 0.2461137113 0.4924261799 0.7326595869 0.4458580152
0.2665305714 0.6791123579 0.6297021281 0.954424534 0.3605097478 0.2731489232 0.1634677109
0.3968612875 0.4448356932 0.2321123944 0.1885352999 0.3959019691 0.5064547669 0.1017575303
0.008882073023 0.7289262304 0.3432711614 0.5053654502 0.3580708582 0.4226507625 0.9814274322
0.8294948418 0.7054269418 0.5469012195 0.3377167805 0.1074020352 0.5294589058 0.5888116244
0.8606457544 0.2513510212 0.6891412801 0.9142387154 0.4353794245 0.0464591166 0.4084810148
0.03236903379 0.9046729771 0.6356771327 0.1439747576 0.4029193804 0.05116952831 0.08563248181
0.08170058613 0.3581062826 0.7577753672 0.1367722677 0.1329267408 0.04493978204 0.2836937501
0.02440100749 0.8844602891 0.3197831795 0.3295480258 0.4909739011 0.4684011938 0.2046631583
0.6595220864 0.8833183018 0.4653124094 0.5283107405 0.2986199436 0.5526363191 0.3952989687
0.2065527532 0.8454106378 0.6042655943 0.2844876655 0.253595019 0.4348670836 0.5895346913
0.3284179108 0.2091616348 0.791798966 0.5509012821 0.1400402807 0.3847929742 0.0264654106
0.8950788464 0.01412912862 0.245085811 0.3289803388 0.4420380286 0.01508815511 0.6458394135
0.1428722417 0.7909720238 0.474307002 0.267634859 0.3795425737 0.519217724 0.6829888833
0.6818774851 0.5415857802 0.6987365289 0.8207117254 0.381524189 0.870759011 0.7682049338
0.6922485207 0.9024302055 0.7933232181 0.4509944714 0.4953225837 0.9067901795 0.6592491771
0.7721833754 0.01699947405 0.4601274505 0.4931042699 0.4182636351 0.7264876341 0.09940490168
0.1935142469 0.3098925037 0.2648182541 0.08606356419 0.483460807 0.5845826525 0.06850043032
0.7711292948 0.2169446797 0.7217545228 0.1612390414 0.2059740368 0.7143660637 0.3738442568
0.4418160208 0.1171705648 0.2806776156 0.84729971 0.2137942814 0.3399771898 0.277039902
0.8057425802 0.788503006 0.3705650824 0.02699903504 0.1815633128 0.6431179739 0.758108034
0.935646514 0.8980396063 0.426699852 0.7691796708 0.245413919 0.0423248476 0.3390260339
0.3777317885 0.488133188 0.5785796507 0.2534469602 0.380366313 0.7776077672 0.8053646056
0.4240093718 0.4534803527 0.350140409 0.8163738736 0.2910239106 0.2206084185 0.02969379135
0.9449577097 0.3645347183 0.239229688 0.2606778237 0.30632939 0.3482854165 0.6882657251
0.6474025065 0.09413729451 0.2478036913 0.3882100812 0.2549725956 0.5212327758 0.4194417315
0.9257722496 0.8841315903 0.4535188313 0.3213625821 0.2740886727 0.7376799043 0.7665871163
0.162603227 0.2557015911 0.3009586979 0.9650367871 0.4053613356 0.3294820526 0.6197415219
0.6104473511 0.4519047688 0.3785138604 0.5039261743 0.3065029786 0.1123435549 0.2812052532
0.8531540919 0.5059042893 0.494877529 0.1206997125 0.3704002901 0.08134654416 0.3640474749
0.3477058265 0.07815293865 0.2153199159 0.8247796168 0.28764688 0.1836882223 0.5451071129
0.03311129684 0.5965314416 0.4285690945 0.9856948443 0.4734979148 0.6293359429 0.4628602813
0.351904082 0.08336299942 0.334592819 0.6282521909 0.4785584349 0.7899436005 0.4249818539
0.9510320289 0.1523497304 0.5443040568 0.9496644518 0.1470850509 0.4565603244 0.8918253283
0.5477068839 0.7187234864 0.5147900591 0.7138466613 0.2984356531 0.09400722382 0.1735441064
0.9943413485 0.8710574396 0.2868003926 0.9397529789 0.304775956 0.5577735522 0.3352230476
0.03413247842 0.4089149423 0.6017602603 0.575167166 0.1110011754 0.3882439168 0.7830909819
0.9811326534 0.7343525362 0.2384624048 0.002941844815 0.4242969125 0.4242387211 0.4144346917
0.008635865493 0.9966640023 0.3879193506 0.3033450758 0.2441716463 0.787332846 0.9848959138
0.6071206429 0.6999356479 0.469839388 0.1558337476 0.1250601975 0.7811882587 0.5819442009
0.3444372241 0.8851481121 0.5551602115 0.2400158674 0.2769927351 0.4740479492 0.8168939785
0.389879143 0.6577431208 0.7934936566 0.5444582571 0.1459666471 0.5323163707 0.7561628643
0.46059085 0.3346907319 0.7277910848 0.3408758849 0.1732976016 0.6403977618 0.3237155727
0.3206603805 0.09093072246 0.5147411452 0.8795224082 0.1788751188 0.7651550262 0.2108399859
0.6643301377 0.3742873173 0.2401960502 0.4305744813 0.2052324463 0.8378390382 0.4384758177
0.8960065209 0.8831064585 0.4342511396 0.8791314297 0.4353223442 0.6643488274 0.01505009823
0.7790120775 0.8363547023 0.338559963 0.09317393225 0.2264324487 0.1153179076 0.4248297469
0.2570282183 0.05803645895 0.6752649512 0.06135641628 0.1689022206 0.7667581498 0.4457226268
0.5985246159 0.9146976518 0.6068980676 0.8496356542 0.2152407043 0.08268107358 0.4306538721
0.8136388463 0.9265249226 0.3822173258 0.6831268778 0.3998608186 0.1729842398 0.2644076741
0.5303087573 0.3810381439 0.2347793329 0.524768262 0.3602076851 0.8895392614 0.7213172909
0.9741974669 0.1473957778 0.4678171541 0.9197784989 0.1548221871 0.1043236484 0.5634471113
0.70418672 0.1745541433 0.5275308136 0.3007990221 0.20670456 0.05595338216 0.02085603336
0.4379274316 0.5854799258 0.3721680399 0.5211870918 0.1122715798 0.5623238363 0.04394772411
0.8329763221 0.5017268992 0.7993588538 0.8932074827 0.3845958542 0.1313533942 0.09346686924
0.9381415161 0.569238707 0.2402822792 0.1657717828 0.1088774 0.810025333 0.08892879859
0.2134109347 0.8503964456 0.4857213554 0.5666859762 0.3085617975 0.2918891106 0.2455875402
0.3487188695 0.214130916 0.2233656455 0.5627522793 0.4945715759 0.9496405826 0.8397437127
0.452173252 0.4322773305 0.5634337595 0.3350687681 0.2571029145 0.2139505718 0.8204324553
0.6844425969 0.8850570447 0.7645234877 0.0258957248 0.4134208924 0.02083304023 0.6723513678
0.7918902802 0.5222877064 0.7753898634 0.6587976858 0.3220154989 0.8828854291 0.9922046466
0.7377215823 0.622190702 0.7410622048 0.7585913767 0.2268497808 0.7869243929 0.002240160794
0.2957262392 0.9608966467 0.7214269955 0.2669693319 0.1619615381 0.4109793105 0.2463051363
0.8998833607 0.4492348956 0.2033337657 0.4504418354 0.186108555 0.7132720528 0.2227831627
0.6267485759 0.7272961107 0.797763614 0.3882346606 0.232686499 0.4475544674 0.854714402
0.1146397001 0.921615552 0.3740939564 0.9896619577 0.3086610053 0.5727227304 0.8015305157
0.7295320765 0.9765554096 0.4445855223 0.6757990976 0.4997282789 0.3665809485 0.422320205
0.9044901541 0.05435327838 0.5526190423 0.1434275938 0.4312818605 0.6374621598 0.1224210551
0.3865043065 0.2630179257 0.7947558478 0.4564972063 0.1206270222 0.113483749 0.1903189208
0.9977428975 0.8953290766 0.4043483882 0.9499180126 0.3202492256 0.534745373 0.5691217439
0.3803255265 0.8450508642 0.6062718719 0.6223932597 0.3224529345 0.3828681271 0.2369184653
0.2644966851 0.4793878251 0.4095944985 0.3011476716 0.2414791616 0.555905294 0.5956806076
0.846134535 0.9828608964 0.3069904848 0.5155848399 0.2629341159 0.6826748769 0.01342298932
0.4443410777 0.7121985834 0.3938850761 0.7747841737 0.3624212178 0.5137022175 0.1254045726
0.3437815029 0.001439903185 0.6822924734 0.5328636282 0.1718544215 0.8178157824 0.7953800231
0.5166968914 0.8900184353 0.2677752559 0.196000961 0.2109041576 0.142490493 0.5573510657
0.2202076236 0.5948064393 0.3947542142 0.8966141466 0.3022173644 0.3976291126 0.613823991
0.5266325417 0.06248250766 0.5654916052 0.6770151741 0.298031863 0.5288425323 0.9420479944
0.9659205281 0.3955604382 0.7395437701 0.101807341 0.1127025393 0.1365335789 0.06074969093
0.2346556713 0.2902693461 0.4895428448 0.992312085 0.2730708102 0.1471848885 0.51403403
0.497053584 0.2253698475 0.61015699 0.9561731357 0.4451909477 0.9760487266 0.03580254257
0.1083945077 0.03796794011 0.3424558031 0.1016594068 0.4746832257 0.7556647488 0.7385368785
0.6157861203 0.6773599073 0.7762573994 0.8816117544 0.4008713062 0.4088883768 0.01777271868
0.917246249 0.4746985623 0.4570684827 0.4308665914 0.1377344167 0.6818793883 0.3430846732
0.3169407666 0.7604767688 0.4587823203 0.2396313174 0.1591754974 0.8321228883 0.8048327715
0.5279846563 0.3310166992 0.4233354979 0.1618451101 0.3773800819 0.8962654174 0.4620713403
0.117362993 0.258749518 0.6271259143 0.8820743712 0.2852945082 0.2964455689 0.8715593584
0.4299830218 0.1803554434 0.3523746952 0.2688780414 0.1776095772 0.7328581068 0.0232740455
0.1872275859 0.2249751025 0.2391085474 0.9106241316 0.3503113069 0.6523665955 0.5386311691
0.04312230687 0.5767389034 0.3175071608 0.3671081566 0.4415251773 0.1727960975 0.8500467648
0.7587046371 0.6387034546 0.7965899239 0.7545563429 0.315320307 0.8216980646 0.04269743168
0.9796186378 0.3877249379 0.5673162131 0.6121059774 0.2032659279 0.2553597829 0.6413913431
0.07745829393 0.7125008084 0.497982332 0.1459302868 0.3357995026 0.7439817903 0.3292621691
0.1429184436 0.9125128098 0.2172744819 0.9059799969 0.3507781176 0.4244966958 0.02433303852
0.04623916005 0.6283210171 0.5335682778 0.3848884699 0.4097269324 0.4625514814 0.9705311017
0.8524736537 0.9698775514 0.4942616224 0.5258437029 0.264983564 0.4557004868 0.2490049717
0.6873711046 0.6274164676 0.6904257319 0.4449610815 0.2635038893 0.8237090344 0.03302010802
0.08262266689 0.07906942099 0.6323184194 0.9945548004 0.1509425348 0.03877459637 0.816571939
0.6222220967 0.36257127 0.4109122464 0.9692484238 0.2409273448 0.3650346268 0.9863251446
0.3969683183 0.1390435313 0.3982569817 0.5614942714 0.2332403566 0.1164259829 0.3936008562
0.9307877504 0.2505414979 0.7820578847 0.05308019676 0.1857615544 0.1651387644 0.8548053826
0.2465564463 0.6373610065 0.5622696078 0.05275402321 0.4301866107 0.6967975233 0.7737113464
0.01330501179 0.2354383987 0.6228651676 0.8972279006 0.1976563838 0.7172036744 0.7680330343
0.98082436 0.3898301549 0.621452574 0.08545359414 0.2348943094 0.06996271329 0.3983171346
0.4283532854 0.8903923352 0.6824128356 0.9479728179 0.3602659744 0.2724506577 0.863714273
0.1947010412 0.1254318242 0.5331847767 0.7200078881 0.2475427293 0.1640696787 0.04299486205
0.1281883779 0.1451866448 0.7638086232 0.01630836024 0.3116993983 0.5772089163 0.1383880389
0.9034062449 0.8883007727 0.3205740852 0.5470196381 0.4600144291 0.1762359399 0.7144936924
0.05209446525 0.1316519237 0.3474344953 0.08828283487 0.3294020349 0.49855015 0.3265606874
0.4984089656 0.2295102097 0.7737081226 0.972071728 0.4357728763 0.6064592712 0.585626013
0.6723279003 0.6864637551 0.4015765745 0.1019643522 0.2689871327 0.6984931136 0.218035516
0.4936700721 0.506134548 0.4882195057 0.07204596012 0.4047044461 0.4097240346 0.9212553876
0.8147659867 0.9425867582 0.5394301398 0.8737369108 0.1204280222 0.2755704351 0.996048977
0.720707818 0.2935405822 0.5566989338 0.8506966271 0.1613265816 0.1621466549 0.4183252315
0.8976627193 0.1759614958 0.5086185608 0.6076129415 0.3726471191 0.1450896198 0.1954256268
0.8741893574 0.9490853728 0.55876297 0.019058825 0.2781542103 0.9114175507 0.1963477119
0.6469528803 0.6531304556 0.7827636842 0.01597399837 0.3124151717 0.8757091736 0.7403162621
0.1466649574 0.7413740484 0.6821069419 0.567872631 0.1932592874 0.7499614703 0.8319989312
0.3553342971 0.6483520388 0.56429327 0.01862815304 0.2853676519 0.7399895438 0.2251850817
0.1217260746 0.6789589668 0.249646684 0.3845564285 0.2775441902 0.1111516995 0.3324437453
0.8548981085 0.06535271987 0.2035698947 0.2692992344 0.3318710781 0.8703682197 0.1505630987
0.1192822275 0.2358365777 0.4268762754 0.9963635806 0.4146193011 0.3445778517 0.7867388905
0.5693648281 0.2092189597 0.6915737777 0.3846390147 0.3506958102 0.6395464934 0.2166865785
0.8048159562 0.5783266333 0.438842438 0.1942088849 0.322319376 0.2757813352 0.6231409193
0.3020240118 0.2080321617 0.4917708927 0.7205809936 0.1674888576 0.7055655248 0.01349139492
0.0863889634 0.6488932009 0.2376596808 0.8082520863 0.1039523518 0.1990360986 0.9323711385
0.7992638551 0.3817016606 0.3414456062 0.854330051 0.4776567945 0.5768875775 0.5245347463
0.1288366431 0.5571948357 0.629263678 0.2666779839 0.4397390439 0.08866673743 0.1928665577
0.607116246 0.4970518883 0.7736761375 0.5875095172 0.1354795618 0.06158756485 0.785268192
0.7140024604 0.1671273451 0.5921238741 0.7732136456 0.2212132717 0.7450599578 0.9537727991
0.3095319073 0.3335719196 0.7882789408 0.2869631129 0.3703474498 0.5672996311 0.8026872798
0.1690274955 0.5508488211 0.3009095772 0.9867752359 0.306500048 0.1159393757 0.5949107625
0.9021392333 0.3133366771 0.7334471376 0.7244364726 0.3804610187 0.9148513976 0.4537339119
0.6716244301 0.106753767 0.2046275763 0.9782383535 0.1515149314 0.1516379375 0.1901759045
0.8140297291 0.12146124 0.2494561598 0.2648389561 0.2939222624 0.1185591868 0.5339303217
0.9219298573 0.6080894478 0.2015222538 0.9746770824 0.2766213629 0.2650160422 0.7518056352
0.9426515547 0.2600503267 0.2717082088 0.2850134034 0.4628918599 0.4699448233 0.4255741868
0.9449421248 0.2623838743 0.5020532597 0.9805192597 0.2917853313 0.7723375821 0.727676475
0.01318216387 0.3389579465 0.5925360725 0.08091760881 0.3906561688 0.2391751478 0.9964262941
0.1557164745 0.01908188372 0.3765384474 0.7879159628 0.3636686803 0.590830395 0.5622693354
0.6137902376 0.610772082 0.3395844154 0.2408485691 0.4625551076 0.3798135999 0.3251737606
0.7814032278 0.8637622339 0.6455740668 0.1552259073 0.1095441613 0.9618213462 0.4141682866
0.3919851038 0.8052926182 0.3432359912 0.5258161597 0.3945336843 0.7875126052 0.6790533939
0.2898787026 0.6820346832 0.2891168772 0.04286606277 0.4957881894 0.05525050065 0.7489338394
0.1247927626 0.7103707034 0.7364480356 0.7054004978 0.1186113497 0.9220643555 0.8418711222
0.6241327813 0.4646932733 0.5241368963 0.7498819165 0.4596509476 0.9920330339 0.4959194079
0.6967845035 0.1813305316 0.4575128481 0.5484028188 0.4400797175 0.95476703 0.4072553016
0.7847406436 0.1579283638 0.5310225074 0.5924423367 0.1249094547 0.09515115677 0.7710751614
0.4350252443 0.3402951441 0.4096548179 0.2623271185 0.4302571991 0.04935197897 0.01233299517
0.6396613625 0.338376265 0.4954432019 0.407065188 0.2140174863 0.04852317938 0.8250107717
0.7587960398 0.6495902022 0.271024827 0.1142057252 0.3209130957 0.9247570955 0.6911199993
0.7712683929 0.1125120431 0.3751490204 0.6467318178 0.3468678553 0.104609709 0.8765647742
0.7044857208 0.3100005034 0.54455114 0.7475090421 0.458040205 0.4818201691 0.5747670976
0.6949329043 0.2033681003 0.6002084428 0.1671498653 0.2409177626 0.5373825244 0.8368550625
0.5823343627 0.04500637643 0.7892544839 0.8358556476 0.2257693604 0.003505235943 0.0574061657
0.9016435751 0.0947866838 0.5704607632 0.9732756056 0.2770877247 0.1866942127 0.6172609688
0.8117515211 0.7862278095 0.6830334867 0.1839662667 0.394397192 0.2595641237 0.281691931
0.8890611118 0.3543920678 0.325481734 0.2128082781 0.4646693973 0.1832520327 0.7470151931
0.8657204383 0.07315646748 0.2315748313 0.1997810265 0.264504971 0.7615743956 0.3772361394
0.6510699207 0.8511941391 0.530135239 0.5637207171 0.3268578928 0.780312584 0.4020588678
0.2323388631 0.1218567686 0.458941405 0.8188863497 0.3129985545 0.4230836834 0.3079826896
0.9953031013 0.52221163 0.7428067116 0.8669920908 0.1431011009 0.6488784112 0.6665407502
0.3728359669 0.5026691505 0.4925394976 0.463374229 0.1938608303 0.9821300536 0.4511742541
0.551281222 0.6247304363 0.2136877551 0.4035600483 0.2381220173 0.01759162948 0.9118178838
0.8204441806 0.1960499078 0.4885651981 0.4619833261 0.3599965592 0.7396962931 0.1409115224
0.4187191906 0.03678789782 0.797004979 0.6061110929 0.4193613191 0.6566837067 0.5850410461
0.8232934724 0.4685337611 0.7336782197 0.546847742 0.2625285834 0.4576960159 0.3634089947
0.08621996396 0.1382020651 0.3538589888 0.2316797454 0.4600967225 0.9172544723 0.4503854952
0.28703516 0.5274068989 0.3045496285 0.5744059326 0.1162915552 0.6438777745 0.5889014373
0.5249873566 0.1179395348 0.6713634203 0.1001285199 0.4362639002 0.8428178341 0.42071409
0.2191907853 0.2730293983 0.6690791039 0.4939990167 0.2173286913 0.928572738 0.3667580653
0.2303549611 0.2108441934 0.2290472214 0.4264322245 0.4889210617 0.7694653152 0.5559357494
0.4172610373 0.671848122 0.37147485 0.8074137977 0.4384453145 0.8095005329 0.7957120593
0.4458413397 0.3677238277 0.7050064665 0.541291707 0.245507158 0.8241628505 0.5865496904
0.7764189727 0.3209923093 0.2580385699 0.3261028921 0.2470750795 0.7058871256 0.3102148584
0.8601069155 0.2075193599 0.7320661247 0.4049539523 0.3419316583 0.3176103496 0.4468416562
0.3201501593 0.6669456998 0.3713958086 0.9400406104 0.2768867467 0.02193708103 0.396776599
0.7166008297 0.788757739 0.6882347571 0.7732165544 0.2007434888 0.2087574981 0.7719255466
0.8784920686 0.07614059988 0.6680605448 0.3631499905 0.1879666748 0.7722423609 0.8707551542
0.5188507865 0.7697154859 0.2360095119 0.172446563 0.2010483228 0.5924832818 0.1262998465
0.2535640082 0.5344212607 0.4976215072 0.4149626849 0.1735704283 0.2679982565 0.2044080561
0.3512630186 0.9026976387 0.3116113039 0.9820449714 0.2926170335 0.5301110003 0.8888153257
0.7208674446 0.1751745545 0.7214859653 0.336650272 0.4741117381 0.4029365284 0.1011229628
0.2659632683 0.5275620155 0.3080042826 0.9081400723 0.4351456515 0.5043444422 0.2199266037
0.8173764027 0.1025288033 0.6450151088 0.9217919826 0.1572643043 0.21167459 0.05859420184
0.2106236191 0.7930965101 0.4945765161 0.9613937114 0.3655278796 0.3358747891 0.3818272004
0.5637259411 0.08637176843 0.5890339305 0.8682201795 0.489056592 0.6007189555 0.05531403593
0.5903847802 0.7420828396 0.6716327838 0.7246570859 0.4991766663 0.5483223275 0.8705436971
0.5578464397 0.6600416614 0.335096403 0.7270120928 0.1831584927 0.4736497306 0.7300994007
0.7688965373 0.1468572445 0.6693732507 0.2128133698 0.1500216302 0.9113407554 0.3512917336
0.7611799199 0.9493956371 0.6435357458 0.138172107 0.3589560205 0.8870527946 0.5034758161
0.61916408 0.07690477789 0.7688058797 0.9874964563 0.2082053679 0.2286259091 0.2643729235
0.276154063 0.2035622156 0.5642276884 0.6997761071 0.1045026077 0.3825544082 0.01259240723
0.6343009917 0.6185009602 0.4460631718 0.3934766344 0.1513438608 0.3682351098 0.1886178616
0.984878487 0.4830359037 0.3371430331 0.8183254038 0.4252880655 0.2428528137 0.9979427612
0.1014547924 0.9486403534 0.2218679319 0.8313555016 0.1973954333 0.05703698334 0.6128581948
0.5840669782 0.2898730012 0.5131645076 0.2327850291 0.2174948772 0.1159301148 0.39051883
0.4290842615 0.09146904443 0.4344156586 0.8728140325 0.2538397665 0.07927621364 0.6731355986
0.3099783652 0.09760017762 0.3152912091 0.5932568651 0.2447817693 0.2416668711 0.8021256116
0.8984320012 0.1551637476 0.2467149535 0.7600092189 0.4043930642 0.2311509022 0.6643337141
0.4997077336 0.755048224 0.206252223 0.5074654532 0.2866616927 0.3988707993 0.9194369304
0.8844497415 0.6606775616 0.7484505766 0.4098163607 0.4325196019 0.6889654452 0.7296443881
0.08144918172 0.598675056 0.3306997058 0.8442103185 0.3864918748 0.6682701973 0.4439733652
0.9595984131 0.7309983646 0.4177072638 0.466465478 0.1484326857 0.3478346266 0.0697570701
0.1263895156 0.8120441627 0.558549999 0.8026654761 0.2364820668 0.1783116593 0.2055355302
0.2558580932 0.4105428238 0.6694160231 0.2127222271 0.4072515908 0.1810797082 0.2958858049
0.7286821939 0.1189754564 0.6706898462 0.319883411 0.3307202176 0.1656407879 0.9057269238
0.01594814428 0.2290351976 0.3351577097 0.2601147258 0.4308846609 0.7573708348 0.1767261571
0.7074896326 0.2884874305 0.7991631461 0.7960871193 0.1860270362 0.9409335409 0.6210528505
0.4141708937 0.3126970576 0.6929824723 0.8928097509 0.431684101 0.7333342372 0.9991592276
0.9463706306 0.1650013963 0.5611021128 0.8683106327 0.4217492007 0.7032851277 0.7116827499
0.4704572137 0.877800344 0.2961769359 0.7375931644 0.4448548903 0.4137568277 0.07599840062
0.6003293809 0.01637955322 0.6090653461 0.05767470944 0.4068995388 0.5926520243 0.1423150206
0.2181053377 0.8176126278 0.5364344007 0.0740108577 0.4781399755 0.3396847751 0.5912993122
0.9096311257 0.9152204467 0.3600934921 0.5540614064 0.2861181562 0.9098825881 0.4256857596
0.2163695762 0.313490617 0.6196568091 0.5840781039 0.3568367581 0.3266268954 0.9747312629
0.9620288691 0.6354371288 0.6616917153 0.1841772063 0.3007761955 0.06765944281 0.4471127732
0.02346853932 0.9643536704 0.6316407589 0.6700672054 0.2613661227 0.4307374141 0.3412342225
0.4413343695 0.1564947469 0.7050967014 0.734971614 0.4004393811 0.5632175146 0.3200697974
0.363747161 0.8359961299 0.6261731628 0.641734 0.411306677 0.9702670588 0.2206626052
0.1903058897 0.3217855681 0.2045842584 0.2741038867 0.4213677475 0.08498908588 0.1581354741
0.4346406518 0.08267409374 0.3795855098 0.09094630804 0.2381625142 0.972735331 0.8343429474
0.2996141495 0.4954716029 0.3262221185 0.9226279187 0.3775158539 0.7803676389 0.2277647473
0.1047528604 0.3881280907 0.2235894443 0.6320283156 0.3095447632 0.2551908288 0.5514498582
0.4121871697 0.2037259585 0.6703707456 0.6922915904 0.1066307987 0.7205701099 0.369180936
0.6537749852 0.4116803318 0.3922394525 0.8902366609 0.3265549327 0.7755907597 0.8778307591
0.003523226079 0.731656074 0.3893838855 0.5008228887 0.2367886296 0.7011175569 0.8392887676
0.1981353148 0.707271378 0.599142079 0.1686356949 0.2268531717 0.9177446202 0.393386512
0.5636010952 0.4762932236 0.4553583275 0.3233027946 0.2405788101 0.7127417878 0.8408599185
0.03318436442 0.2092779204 0.4975545989 0.6152406196 0.2073167629 0.9904311727 0.4613416559
0.8648049389 0.5288844724 0.5824314514 0.6262003493 0.2349072227 0.7075661062 0.9563446216
0.8033838493 0.348679756 0.6687891554 0.9476492094 0.1577349815 0.4332119477 0.2837148674
0.8528206224 0.4763246333 0.3540231944 0.7628727909 0.4300564031 0.669196091 0.5025138757
0.6863821677 0.1766204498 0.4333624182 0.8714838302 0.3022856049 0.02712846651 0.9720260304
0.1437495492 0.7719175302 0.5075675611 0.885309363 0.354482229 0.4728963046 0.4637387933
0.6450228481 0.5296332311 0.4846034906 0.2518175875 0.3164873179 0.8078846605 0.7407537176
0.6507247474 0.2297572635 0.2876774107 0.1466250144 0.4603561065 0.5933172872 0.1470650399
0.2632469522 0.2717796767 0.7059570508 0.8633597905 0.268061086 0.3722796413 0.1132829675
0.4971033107 0.2448718692 0.293334321 0.5322855115 0.2838446848 0.3822766751 0.03134193532
0.7375138253 0.9936757298 0.7509913821 0.1555269876 0.4710528646 0.8555704116 0.1560597615
0.1008479093 0.232873185 0.5155943516 0.5652732384 0.4845726799 0.3978871077 0.4555171719
0.2447793084 0.2368557269 0.639144917 0.9226286021 0.1003110632 0.03810802839 0.2263955235
0.1360000289 0.518208608 0.4894482437 0.3813785888 0.2679027139 0.1188625961 0.8078098077
0.1512342317 0.3441522784 0.350518279 0.06724618948 0.3508647372 0.8140047127 0.5328413029
0.9921855142 0.4792112843 0.2668737786 0.2655291715 0.2051056767 0.3241244737 0.7378260587
0.3629198576 0.4127457476 0.3895418096 0.7864883351 0.1130536723 0.6227535934 0.9642776829
0.3618830173 0.1809979899 0.2577657197 0.6785450127 0.1699512465 0.4578665695 0.6177830228
0.5500017571 0.546264112 0.5301227098 0.4961538729 0.2448100932 0.4066367508 0.1448433905
0.6877246181 0.9938641775 0.6813279516 0.0859346527 0.321736457 0.4340285949 0.02685842456
0.0008968328475 0.6657902915 0.6538988294 0.636937894 0.1389237185 0.2124212434 0.5165520231
0.3983866082 0.8051784402 0.2226601003 0.5263241465 0.4565565108 0.5616660828 0.42428463
0.480612636 0.5468607504 0.54849957 0.1796668687 0.1933286769 0.7052572638 0.4399226306
0.1516684856 0.3868792603 0.4976700392 0.8268365439 0.1492215892 0.5939936335 0.4121578515
0.6795724627 0.5005156188 0.5442384082 0.1631502325 0.4905722576 0.6058556712 0.8351767302
0.6871459095 0.2785291364 0.2940916551 0.6862168903 0.2024023764 0.3189177423 0.06803423467
0.6448630093 0.211187371 0.3354340669 0.9585879382 0.1790529823 0.3989376138 0.7625309238
0.3683237877 0.187482392 0.6772859093 0.5037237903 0.348360129 0.6176645895 0.7502366666
0.9852564123 0.6826911193 0.256581595 0.1585744999 0.3299888785 0.5916116602 0.5598405276
0.06550356785 0.3930746293 0.3266516215 0.8327855319 0.409251564 0.5206466584 0.5453972892
0.6345217517 0.02580691337 0.6638676977 0.03659200297 0.4332874497 0.3247486477 0.7193265009
0.6956189679 0.9708432519 0.7018707817 0.6831448438 0.3680079589 0.4860022632 0.1381124436
0.5444554048 0.9469203739 0.3090479264 0.4144859574 0.3116769567 0.258588641 0.5923445106
0.4940821654 0.8256403806 0.2278617111 0.583693553 0.3429399998 0.916279454 0.3366884535
0.8597240038 0.266914819 0.4854773566 0.5107694046 0.4010146214 0.3657278634 0.2621311733
0.9462229205 0.5391006907 0.6332118261 0.3504243924 0.4615279104 0.8125266771 0.7868078453
0.9010274924 0.6129846041 0.6751090612 0.9217023765 0.4972526161 0.5702980152 0.5191896053
0.2521910755 0.8972780155 0.4790101074 0.879904075 0.2145884722 0.4425900798 0.5465476543
0.6512536183 0.5832658636 0.230548844 0.3099451968 0.2450069389 0.07156422435 0.812452567
0.2392323838 0.6683673641 0.3733979711 0.008398298615 0.4196800764 0.9717073857 0.1815326118
0.4012100484 0.18515744 0.2877775589 0.6421858089 0.3831788082 0.6833321945 0.3315882197
0.7690367706 0.7482786875 0.581805449 0.5402558254 0.1669813287 0.1685268883 0.8681077328
0.7671835271 0.1929315002 0.222926138 0.9274929239 0.4200133425 0.6074687172 0.001790025605
0.9153969908 0.1834319931 0.3137382885 0.9563852636 0.2529724116 0.5584694219 0.6652665156
0.4419898543 0.2587094772 0.5405118688 0.3622481485 0.239986614 0.7405041732 0.1421190069
0.5087047592 0.8154939128 0.2941298562 0.06463519849 0.3743275186 0.748889785 0.6326722592
0.7843429318 0.1431063724 0.3108175181 0.5853618653 0.4108806147 0.8866997923 0.8519429145
0.05885061109 0.3718780222 0.5106700788 0.9486140098 0.3600070921 0.0967839131 0.8324617852
0.6882843428 0.3078216511 0.3606189785 0.3890796068 0.2304764329 0.1191259379 0.8472435544
0.5768825106 0.7486820693 0.268172418 0.00996335811 0.1233848596 0.42982626 0.4566223652
0.1050798116 0.3321831988 0.3642399127 0.7160363426 0.4038599365 0.9922123716 0.4695402264
0.4183178296 0.9993377902 0.4769379205 0.6813248783 0.2343741212 0.1653117644 0.3695840494
0.1144025596 0.1791259519 0.5809357734 0.1023187087 0.3560323023 0.3648951923 0.9349034498
0.9672917001 0.1525995381 0.6542241575 0.5132169479 0.2161942714 0.8991150353 0.247271404
0.5597874936 0.243314145 0.2398827025 0.8991459697 0.2482396425 0.242899154 0.5790099907
0.7707643523 0.4376003938 0.6263250365 0.8077644469 0.2911588624 0.3580693312 0.2292102641
0.9752547175 0.3650924405 0.6855705163 0.6223824312 0.1743233879 0.2918584567 0.8864167526
0.615798843 0.7915552718 0.5834160588 0.785701291 0.1194360593 0.5242059902 0.5793860443
0.8356643224 0.5886778887 0.3641721464 0.6394455264 0.1658362069 0.5098928044 0.4682074379
0.02045977468 0.6672926212 0.5602181024 0.4302919697 0.1351462099 0.7480849469 0.2744027588
0.0627790321 0.3814810523 0.5554856116 0.1072753806 0.4383070393 0.9789196697 0.8718926582
0.6801726137 0.1431475653 0.3926809977 0.6527947705 0.182686086 0.7709852854 0.7040925692
0.2121748559 0.3136711758 0.6353177855 0.6228831057 0.4787654493 0.6383981087 0.170920683
0.576422003 0.1668511276 0.3342868183 0.2688163385 0.1463193705 0.7720146404 0.780077602
0.8530544827 0.8230773201 0.7897029399 0.4395967746 0.1255887225 0.6433629249 0.6883826759
0.7134572668 0.4379014784 0.2052212452 0.4633831315 0.3576153843 0.8462342238 0.7018873516
0.3336814959 0.6602431249 0.2951220665 0.3374755621 0.3513072933 0.08052262772 0.9604724252
0.8012114876 0.9495049986 0.7935595241 0.9547824967 0.4242671771 0.7036864969 0.4280865799